0 0.47596153846153844 0.41346153846153844 0.35336538461538464 0.4206730769230769
0 0.11778846153846154 0.39783653846153844 0.23557692307692307 0.19471153846153846
0 0.14423076923076922 0.5793269230769231 0.19951923076923078 0.14423076923076922
0 0.19230769230769232 0.7139423076923077 0.16346153846153846 0.17548076923076922
0 0.34134615384615385 0.6658653846153846 0.18269230769230768 0.2860576923076923
0 0.5 0.7259615384615384 0.28125 0.21153846153846154
0 0.6923076923076923 0.3629807692307692 0.1875 0.16826923076923078
0 0.78125 0.2283653846153846 0.16346153846153846 0.1201923076923077
0 0.9302884615384616 0.43028846153846156 0.1346153846153846 0.21394230769230768
0 0.8149038461538461 0.53125 0.13701923076923078 0.1778846153846154
0 0.9375 0.6225961538461539 0.12259615384615384 0.17307692307692307
0 0.47475961538461536 0.06129807692307692 0.35336538461538464 0.12259615384615384
0 0.19230769230769232 0.9314903846153846 0.16346153846153846 0.13701923076923078
0 0.34134615384615385 0.9278846153846154 0.18269230769230768 0.14423076923076922
0 0.4987980769230769 0.9170673076923077 0.28125 0.1658653846153846
0 0.6923076923076923 0.02403846153846154 0.1875 0.04807692307692308
0 0.78125 0.0985576923076923 0.16346153846153846 0.1201923076923077
0 0.9362980769230769 0.9783653846153846 0.12259615384615384 0.04326923076923077