0 0.055288461538461536 0.6490384615384616 0.11057692307692307 0.16826923076923078
0 0.1346153846153846 0.5432692307692307 0.1875 0.28846153846153844
0 0.2403846153846154 0.8052884615384616 0.14182692307692307 0.08173076923076923
0 0.2764423076923077 0.6754807692307693 0.13701923076923078 0.16346153846153846
0 0.40865384615384615 0.5841346153846154 0.14903846153846154 0.20192307692307693
0 0.24759615384615385 0.3389423076923077 0.4014423076923077 0.28846153846153844
0 0.49038461538461536 0.4230769230769231 0.1201923076923077 0.13701923076923078
0 0.6057692307692307 0.40384615384615385 0.11538461538461539 0.15625
0 0.5552884615384616 0.23557692307692307 0.20673076923076922 0.17307692307692307
0 0.5793269230769231 0.6298076923076923 0.13701923076923078 0.1778846153846154
0 0.8221153846153846 0.2548076923076923 0.2283653846153846 0.21394230769230768
0 0.9519230769230769 0.5120192307692307 0.09134615384615384 0.17067307692307693
0 0.055288461538461536 0.9819711538461539 0.11057692307692307 0.036057692307692304
0 0.2403846153846154 0.8918269230769231 0.14182692307692307 0.08173076923076923
0 0.27524038461538464 0.9699519230769231 0.13701923076923078 0.06009615384615385
0 0.24639423076923078 0.051682692307692304 0.4014423076923077 0.10336538461538461
0 0.5552884615384616 0.07451923076923077 0.20673076923076922 0.14903846153846154
0 0.8209134615384616 0.07451923076923077 0.2283653846153846 0.14903846153846154