0 0.21875 0.6538461538461539 0.24759615384615385 0.34615384615384615
0 0.4807692307692308 0.6442307692307693 0.2644230769230769 0.34615384615384615
0 0.6778846153846154 0.5745192307692307 0.2980769230769231 0.2956730769230769
0 0.7932692307692307 0.4230769230769231 0.40865384615384615 0.18509615384615385
0 0.5120192307692307 0.22115384615384615 0.38461538461538464 0.11057692307692307
0 0.6418269230769231 0.29086538461538464 0.4230769230769231 0.1658653846153846
0 0.5048076923076923 0.4951923076923077 0.9495192307692307 0.6586538461538461
0 0.21754807692307693 0.9182692307692307 0.24759615384615385 0.16346153846153846
0 0.4807692307692308 0.9230769230769231 0.2644230769230769 0.15384615384615385
0 0.6778846153846154 0.9699519230769231 0.2980769230769231 0.06009615384615385
0 0.5120192307692307 0.11057692307692307 0.38461538461538464 0.11057692307692307
0 0.6418269230769231 0.06129807692307692 0.4230769230769231 0.12259615384615384
0 0.5036057692307693 0.0829326923076923 0.9495192307692307 0.1658653846153846
0 0.5036057692307693 0.9194711538461539 0.9495192307692307 0.16105769230769232