0 0.7716346153846154 0.23557692307692307 0.10096153846153846 0.0889423076923077
0 0.9326923076923077 0.24278846153846154 0.07211538461538461 0.03365384615384615
0 0.8990384615384616 0.3389423076923077 0.08173076923076923 0.04326923076923077
0 0.9230769230769231 0.46153846153846156 0.13701923076923078 0.16105769230769232
0 0.47836538461538464 0.5 0.4831730769230769 0.3245192307692308
0 0.90625 0.6730769230769231 0.18269230769230768 0.1971153846153846
0 0.5024038461538461 0.7403846153846154 0.4831730769230769 0.13942307692307693
0 0.7716346153846154 0.13942307692307693 0.10096153846153846 0.0889423076923077
0 0.9326923076923077 0.13221153846153846 0.07211538461538461 0.03365384615384615
0 0.8990384615384616 0.036057692307692304 0.08173076923076923 0.04326923076923077
0 0.90625 0.9266826923076923 0.18269230769230768 0.1466346153846154
0 0.5024038461538461 0.8846153846153846 0.4831730769230769 0.13942307692307693