0 0.8798076923076923 0.4567307692307692 0.13942307692307693 0.20432692307692307
0 0.5649038461538461 0.5625 0.19951923076923078 0.2644230769230769
0 0.46634615384615385 0.5600961538461539 0.17548076923076922 0.1466346153846154
0 0.4375 0.6826923076923077 0.17548076923076922 0.18269230769230768
0 0.34615384615384615 0.3173076923076923 0.25721153846153844 0.11057692307692307
0 0.5697115384615384 0.3173076923076923 0.18028846153846154 0.13701923076923078
0 0.8798076923076923 0.038461538461538464 0.13942307692307693 0.07692307692307693
0 0.5637019230769231 0.9326923076923077 0.19951923076923078 0.1346153846153846
0 0.4651442307692308 0.9627403846153846 0.17548076923076922 0.07451923076923077
0 0.4375 0.8774038461538461 0.17548076923076922 0.18269230769230768
0 0.34615384615384615 0.11538461538461539 0.25721153846153844 0.11057692307692307
0 0.5697115384615384 0.11538461538461539 0.18028846153846154 0.13701923076923078