0 0.052884615384615384 0.3485576923076923 0.08413461538461539 0.15625
0 0.16105769230769232 0.35336538461538464 0.1201923076923077 0.18269230769230768
0 0.23798076923076922 0.5913461538461539 0.16346153846153846 0.15144230769230768
0 0.4206730769230769 0.5769230769230769 0.1658653846153846 0.13701923076923078
0 0.40865384615384615 0.6682692307692307 0.10576923076923077 0.08173076923076923
0 0.5889423076923077 0.40865384615384615 0.15384615384615385 0.10817307692307693
0 0.5649038461538461 0.5384615384615384 0.16346153846153846 0.12980769230769232
0 0.75 0.4423076923076923 0.08653846153846154 0.0673076923076923
0 0.7259615384615384 0.5480769230769231 0.15384615384615385 0.12740384615384615
0 0.5961538461538461 0.6201923076923077 0.15865384615384615 0.0889423076923077
0 0.5985576923076923 0.7115384615384616 0.18269230769230768 0.13221153846153846
0 0.7788461538461539 0.7211538461538461 0.14423076923076922 0.13701923076923078
0 0.9375 0.23317307692307693 0.11778846153846154 0.13221153846153846
0 0.051682692307692304 0.030048076923076924 0.08413461538461539 0.06009615384615385
0 0.16105769230769232 0.03485576923076923 0.1201923076923077 0.06971153846153846
0 0.40865384615384615 0.9771634615384616 0.10576923076923077 0.04567307692307692
0 0.5985576923076923 0.9423076923076923 0.18269230769230768 0.11538461538461539
0 0.7788461538461539 0.9362980769230769 0.14423076923076922 0.12740384615384615
0 0.9375 0.0985576923076923 0.11778846153846154 0.13221153846153846