0 0.5576923076923077 0.28365384615384615 0.24759615384615385 0.040865384615384616
0 0.4375 0.4375 0.15625 0.10096153846153846
0 0.4014423076923077 0.5985576923076923 0.11778846153846154 0.14903846153846154
0 0.6225961538461539 0.6033653846153846 0.12980769230769232 0.10576923076923077
0 0.6971153846153846 0.3894230769230769 0.11778846153846154 0.125
0 0.7884615384615384 0.53125 0.1875 0.07692307692307693
0 0.5576923076923077 0.24519230769230768 0.24759615384615385 0.040865384615384616
0 0.4375 0.09134615384615384 0.15625 0.10096153846153846
0 0.4362980769230769 0.9867788461538461 0.15625 0.026442307692307692
0 0.4014423076923077 0.8629807692307693 0.11778846153846154 0.14903846153846154
0 0.6225961538461539 0.8581730769230769 0.12980769230769232 0.10576923076923077
0 0.6971153846153846 0.13942307692307693 0.11778846153846154 0.125
0 0.7884615384615384 0.018028846153846152 0.1875 0.036057692307692304
0 0.7884615384615384 0.9302884615384616 0.1875 0.07692307692307693