0 0.5865384615384616 0.4543269230769231 0.21394230769230768 0.25240384615384615
0 0.8269230769230769 0.3894230769230769 0.24519230769230768 0.2283653846153846
0 0.7860576923076923 0.4639423076923077 0.15144230769230768 0.15384615384615385
0 0.7427884615384616 0.6033653846153846 0.14423076923076922 0.24519230769230768
0 0.8822115384615384 0.7019230769230769 0.23076923076923078 0.13221153846153846
0 0.27403846153846156 0.6802884615384616 0.20432692307692307 0.1778846153846154
0 0.38221153846153844 0.7259615384615384 0.15625 0.08413461538461539
0 0.19230769230769232 0.5 0.19230769230769232 0.2692307692307692
0 0.5853365384615384 0.06129807692307692 0.21394230769230768 0.12259615384615384
0 0.8269230769230769 0.08774038461538461 0.24519230769230768 0.17548076923076922
0 0.7848557692307693 0.03245192307692308 0.15144230769230768 0.06490384615384616
0 0.7427884615384616 0.90625 0.14423076923076922 0.1875
0 0.8822115384615384 0.8365384615384616 0.23076923076923078 0.13221153846153846
0 0.27403846153846156 0.8581730769230769 0.20432692307692307 0.1778846153846154
0 0.38221153846153844 0.8125 0.15625 0.08413461538461539
0 0.19230769230769232 0.04326923076923077 0.19230769230769232 0.08653846153846154
0 0.19230769230769232 0.9519230769230769 0.19230769230769232 0.09615384615384616