0 0.1346153846153846 0.35336538461538464 0.18990384615384615 0.16105769230769232
0 0.4375 0.6778846153846154 0.2091346153846154 0.2668269230769231
0 0.11538461538461539 0.6850961538461539 0.21634615384615385 0.16105769230769232
0 0.15625 0.20192307692307693 0.1778846153846154 0.14423076923076922
0 0.33413461538461536 0.3629807692307692 0.13701923076923078 0.18028846153846154
0 0.5697115384615384 0.3942307692307692 0.28125 0.29086538461538464
0 0.5817307692307693 0.5817307692307693 0.16105769230769232 0.22596153846153846
0 0.84375 0.7115384615384616 0.31009615384615385 0.27403846153846156
0 0.5 0.4879807692307692 1 0.7259615384615384
0 0.4362980769230769 0.96875 0.2091346153846154 0.0625
0 0.15625 0.06009615384615385 0.1778846153846154 0.1201923076923077
0 0.8425480769230769 0.9507211538461539 0.31009615384615385 0.0985576923076923