0 0.7740384615384616 0.53125 0.38461538461538464 0.28125
0 0.5841346153846154 0.31490384615384615 0.3557692307692308 0.3942307692307692
0 0.3076923076923077 0.3173076923076923 0.2620192307692308 0.43990384615384615
0 0.5552884615384616 0.6754807692307693 0.3918269230769231 0.33653846153846156
0 0.3701923076923077 0.7379807692307693 0.3076923076923077 0.3389423076923077
0 0.0985576923076923 0.21875 0.19230769230769232 0.18269230769230768
0 0.11538461538461539 0.4375 0.19230769230769232 0.2980769230769231
0 0.14903846153846154 0.7043269230769231 0.2091346153846154 0.3485576923076923
0 0.4831730769230769 0.5024038461538461 0.9567307692307693 0.8173076923076923
0 0.3701923076923077 0.9567307692307693 0.3076923076923077 0.08653846153846154
0 0.0985576923076923 0.02283653846153846 0.19230769230769232 0.04567307692307692