0 0.3485576923076923 0.5480769230769231 0.14423076923076922 0.16346153846153846
0 0.18990384615384615 0.47115384615384615 0.20432692307692307 0.12740384615384615
0 0.36538461538461536 0.375 0.12740384615384615 0.15144230769230768
0 0.2860576923076923 0.6514423076923077 0.15865384615384615 0.18269230769230768
0 0.13942307692307693 0.5793269230769231 0.22355769230769232 0.15865384615384615
0 0.16346153846153846 0.6850961538461539 0.13701923076923078 0.16346153846153846
0 0.6201923076923077 0.32211538461538464 0.11057692307692307 0.12740384615384615
0 0.7355769230769231 0.3605769230769231 0.10817307692307693 0.10576923076923077
0 0.6394230769230769 0.4326923076923077 0.12259615384615384 0.0985576923076923
0 0.3485576923076923 0.9663461538461539 0.14423076923076922 0.0673076923076923
0 0.18870192307692307 0.014423076923076924 0.20432692307692307 0.028846153846153848
0 0.3641826923076923 0.06850961538461539 0.12740384615384615 0.13701923076923078
0 0.2860576923076923 0.9098557692307693 0.15865384615384615 0.18028846153846154
0 0.13822115384615385 0.9519230769230769 0.22355769230769232 0.09615384615384616
0 0.16346153846153846 0.8774038461538461 0.13701923076923078 0.16346153846153846
0 0.6201923076923077 0.11538461538461539 0.11057692307692307 0.12740384615384615
0 0.7355769230769231 0.07692307692307693 0.10817307692307693 0.10576923076923077
0 0.6382211538461539 0.026442307692307692 0.12259615384615384 0.052884615384615384