2 0.8485576923076923 0.5048076923076923 0.22355769230769232 0.19951923076923078
2 0.6538461538461539 0.4423076923076923 0.15384615384615385 0.09615384615384616
2 0.5673076923076923 0.5456730769230769 0.3293269230769231 0.11298076923076923
2 0.8485576923076923 0.28365384615384615 0.22355769230769232 0.19951923076923078
2 0.8485576923076923 0.7043269230769231 0.22355769230769232 0.19951923076923078
2 0.8473557692307693 0.09014423076923077 0.22355769230769232 0.18028846153846154
2 0.8473557692307693 0.9122596153846154 0.22355769230769232 0.17548076923076922
2 0.6538461538461539 0.34615384615384615 0.15384615384615385 0.09615384615384616
2 0.6538461538461539 0.7668269230769231 0.15384615384615385 0.09615384615384616
2 0.6538461538461539 0.03365384615384615 0.15384615384615385 0.0673076923076923
2 0.6538461538461539 0.8629807692307693 0.15384615384615385 0.09615384615384616
2 0.5673076923076923 0.24278846153846154 0.3293269230769231 0.11298076923076923
2 0.5673076923076923 0.6634615384615384 0.3293269230769231 0.11298076923076923
2 0.5673076923076923 0.12259615384615384 0.3293269230769231 0.11298076923076923
2 0.5661057692307693 0.9543269230769231 0.3293269230769231 0.09134615384615384